25
Bob Smith
2.41	4.05	3.32	1.52	0.74
3.51	3.05	4.02	4.03	3.05
Jane Doe
2.41	3.45	2.72	2.12	1.34
3.55	3.25	3.82	3.83	3.25
Bill Johnson
2.41	3.49	2.76	2.08	1.30
3.55	3.23	3.84	3.85	3.23
Karen Jones
2.41	3.53	2.80	2.04	1.26
3.55	3.21	3.86	3.87	3.21
Snidley Whiplash
2.41	3.57	2.84	2.00	1.22
3.55	3.19	3.88	3.89	3.19
Dudley Dooright
2.41	3.61	2.88	1.96	1.18
3.55	3.17	3.90	3.91	3.17
Bugs Bunny
2.41	3.65	2.92	1.92	1.14
3.55	3.15	3.92	3.93	3.15
Donald Duck
2.41	3.69	2.96	1.88	1.10					
3.55	3.13	3.94	3.95	3.13
Sylvester Cat
2.41	3.73	3.00	1.84	1.06
3.55	3.11	3.96	3.97	3.11
Hawkeye Pearce
2.41	3.77	3.04	1.80	1.02
3.55	3.09	3.98	3.99	3.09
Mr Magoo
2.41	3.81	3.08	1.76	0.98
3.55	3.07	4.00	4.01	3.07
Tiny Tim
2.41	3.85	3.12	1.72	0.94					
3.55	3.05	4.02	4.03	3.05
Frank Zappa
2.41	3.89	3.16	1.68	0.90
3.55	3.03	4.04	4.05	3.03
Tennessee Tuxedo
2.41	3.93	3.20	1.64	0.86
3.55	3.01	4.06	4.07	3.01
Elton John
2.41	3.97	3.24	1.60	0.82
3.55	2.99	4.08	4.09	2.99
Ted Knight
2.41	4.01	3.28	1.56	0.78
3.55	2.97	4.10	4.11	2.97
George Costanza
2.41	4.05	3.32	1.52	0.74
3.55	2.95	4.12	4.13	2.95
Sam Malone
2.41	4.09	3.36	1.48	0.70
3.55	2.93	4.14	4.15	2.93
Diane Chambers
2.41	4.13	3.40	1.44	0.66
3.55	2.91	4.16	4.17	2.91
Rocky Balboa
2.41	4.17	3.44	1.40	0.62
3.55	2.89	4.18	4.19	2.89
Harry Potter
2.41	4.21	3.48	1.36	0.58
3.55	2.87	4.20	4.21	2.87
Bilbo Baggins
2.41	4.25	3.52	1.32	0.54
3.55	2.85	4.22	4.23	2.85
Road Runner
2.41	4.29	3.56	1.28	0.50
3.55	2.83	4.24	4.25	2.83
Wiley Cayote
2.41	4.33	3.60	1.24	0.46
3.55	2.81	4.26	4.27	2.81
Spider Man
2.41	4.37	3.64	1.20	0.42
3.55	2.79	4.28	4.29	2.79
